[
     0.000      0.000      0.000      0.000      0.000      0.000      0.000      0.000      0.000      0.000      0.000      0.000;
     0.000    578.000    425.000  -3842.000      0.000   -255.000  -1071.000      0.000    493.000   1819.000    969.000  -1343.000;
     0.000    425.000    312.500  -2825.000      0.000   -187.500   -787.500      0.000    362.500   1337.500    712.500   -987.500;
     0.000  -3842.000  -2825.000  25538.000      0.000   1695.000   7119.000      0.000  -3277.000 -12091.000  -6441.000   8927.000;
     0.000      0.000      0.000      0.000      0.000      0.000      0.000      0.000      0.000      0.000      0.000      0.000;
     0.000   -255.000   -187.500   1695.000      0.000    112.500    472.500      0.000   -217.500   -802.500   -427.500    592.500;
     0.000  -1071.000   -787.500   7119.000      0.000    472.500   1984.500      0.000   -913.500  -3370.500  -1795.500   2488.500;
     0.000      0.000      0.000      0.000      0.000      0.000      0.000      0.000      0.000      0.000      0.000      0.000;
     0.000    493.000    362.500  -3277.000      0.000   -217.500   -913.500      0.000    420.500   1551.500    826.500  -1145.500;
     0.000   1819.000   1337.500 -12091.000      0.000   -802.500  -3370.500      0.000   1551.500   5724.500   3049.500  -4226.500;
     0.000    969.000    712.500  -6441.000      0.000   -427.500  -1795.500      0.000    826.500   3049.500   1624.500  -2251.500;
     0.000  -1343.000   -987.500   8927.000      0.000    592.500   2488.500      0.000  -1145.500  -4226.500  -2251.500   3120.500;
]
